(0.6, 2): {(3.0, 2.0, 3.0, 2.0, 3.0): [(20160, 21484), (7802, 8771), (9246, 10223), (11367, 11819), (10236, 11215), (1644, 2344), (35423, 35839), (6985, 7734)], (3.0, 4.0, 1.0, 3.0, 4.0, 3.0, 4.0): [(12275, 18971), (24323, 27357), (2476, 5590), (22602, 24177), (28182, 32745), (27384, 27969)], (2.0, 1.0, 3.0, 2.0, 1.0, 0.0): [(35092, 35422), (11923, 12274)], (2.0, 1.0, 3.0, 2.0, 3.0, 2.0, 3.0, 4.0): [(32819, 33973), (5591, 6413)], (1.0, 3.0, 4.0): [(8980, 9195), (21531, 21900), (6414, 6984), (34070, 34867), (399, 1285), (22000, 22600), (33974, 34069), (19021, 19771)]}
(0.6, 3): {(3.0, 4.0, 3.0, 4.0, 3.0): [(0, 779), (2593, 3805), (27506, 27994)], (2.0, 3.0, 2.0, 3.0, 2.0, 3.0, 2.0): [(9527, 10893), (31017, 33270), (1638, 2449), (21065, 22027), (11734, 12106), (8110, 8979), (20157, 21028), (35619, 35885), (7097, 7825), (27995, 28312), (10894, 11536), (25830, 26571)], (2.0, 3.0, 2.0): [(35208, 35374), (35408, 35583), (22601, 23143), (3976, 4217), (23527, 23668), (9031, 9217), (5688, 5923), (24178, 24480), (34092, 34477)], (4.0, 3.0, 2.0, 3.0, 2.0): [(12275, 18971), (33303, 34056), (23669, 24138), (4218, 5543), (28313, 30363), (34478, 35161), (780, 1405)]}
(0.6, 4): {(3.0, 4.0, 3.0, 4.0, 3.0, 1.0): [(27506, 28181), (28313, 30303), (26468, 27481), (33271, 34003), (4007, 5442), (12275, 18971), (22001, 23590)], (2.0, 3.0, 2.0): [(20157, 20328), (11980, 12106), (5688, 6017), (25969, 26467), (34092, 34446), (35216, 35376)], (2.0, 3.0): [(34914, 35094), (23591, 23708), (5443, 5543), (30304, 30470)], (2.0, 3.0, 2.0, 3.0, 2.0, 3.0, 2.0, 3.0, 2.0): [(30932, 33270), (7097, 8140), (11304, 11956), (1253, 3099), (23930, 25719), (9526, 11251), (20411, 22000), (8345, 9410), (35408, 35885)]}
(0.7, 2): {(3.0, 4.0, 3.0, 1.0, 2.0, 3.0, 4.0): [(28313, 31016), (5784, 6984), (12275, 18971), (24090, 25628)], (3.0, 2.0): [(34897, 35055), (34004, 34048), (35056, 35160)], (3.0, 4.0, 3.0, 1.0): [(33271, 34003), (0, 466), (34477, 34896)], (3.0, 4.0, 3.0, 1.0, 2.0): [(27506, 28312), (2914, 4074), (22601, 23668), (680, 1406), (4075, 5507), (26468, 27505)], (2.0, 3.0, 2.0): [(9031, 9217), (35208, 35376), (34092, 34446), (11980, 12106), (25969, 26467)], (2.0, 3.0, 2.0, 3.0, 2.0, 3.0, 2.0, 3.0, 2.0): [(9527, 11251), (31017, 33270), (20157, 22000), (11304, 11956), (35408, 35885), (7735, 8979), (1638, 2650), (6985, 7654)]}
(0.7, 3): {(3.0, 2.0, 3.0, 2.0, 3.0): [(11378, 11819), (32993, 33297), (35650, 35885)], (3.0, 2.0): [(35195, 35375), (32746, 32909), (5687, 5739), (35428, 35592), (11981, 12106), (34959, 35160), (32945, 32991)], (3.0, 2.0, 3.0, 2.0, 3.0, 2.0, 3.0): [(9089, 10223), (20162, 21853), (6985, 7734), (7801, 8853), (10235, 11280), (1644, 2505)], (3.0, 4.0, 1.0, 3.0, 4.0, 3.0, 4.0): [(22602, 24177), (0, 1290), (12275, 18971), (24323, 27429), (2543, 5590), (28147, 32745), (34004, 34867)]}
(0.7, 4): {(3.0, 4.0, 3.0, 1.0, 2.0, 4.0, 1.0, 2.0, 3.0, 4.0): [(2914, 5339), (0, 1291), (24190, 27256), (12275, 18971), (27506, 31016), (22601, 24177)], (2.0, 3.0, 2.0): [(35208, 35376), (9031, 9217), (11980, 12106), (34897, 35181), (34092, 34448)], (2.0, 3.0, 2.0, 3.0, 2.0, 3.0, 2.0, 3.0, 2.0): [(9527, 11251), (20157, 22000), (31017, 33270), (7735, 8979), (11304, 11956), (1638, 2650), (35408, 35885), (6985, 7654)]}
(0.8, 2): {(3.0, 4.0, 2.0, 1.0, 3.0, 4.0, 2.0): [(8829, 9218), (0, 1411)], (3.0, 4.0, 2.0, 1.0): [(11981, 12184), (11258, 11366)], (3.0, 4.0, 2.0, 4.0): [(34093, 34867), (22602, 23573), (23591, 24068)], (3.0, 2.0, 3.0, 2.0, 3.0): [(35644, 35885), (34897, 35356), (31017, 33262), (1645, 2344), (11367, 11819)], (3.0, 2.0, 3.0, 2.0, 3.0, 2.0, 3.0, 2.0, 3.0): [(7126, 8771), (20161, 22001), (9499, 11214)], (3.0, 4.0, 3.0, 4.0, 2.0, 4.0, 2.0, 4.0, 3.0): [(12275, 18971), (5675, 7095), (2473, 4183), (28146, 30411), (24190, 26560)], (4.0, 3.0, 4.0, 2.0): [(27468, 28062), (9219, 9420), (33271, 34003)]}
(0.8, 3): {(3.0, 4.0, 3.0, 1.0, 2.0, 3.0, 4.0): [(4003, 5590), (22601, 24069), (27505, 30136)], (3.0, 2.0): [(35055, 35161), (1642, 1806), (34897, 35054), (8826, 8979)], (2.0, 3.0, 2.0): [(11980, 12106), (9031, 9217), (35208, 35376)], (1.0, 2.0, 3.0, 4.0): [(12275, 18971), (2473, 3744), (5632, 6412), (34035, 34864), (30137, 31015), (24178, 25835)], (3.0, 2.0, 3.0): [(6985, 7281), (1807, 2345), (25971, 26569)], (2.0, 3.0, 2.0, 3.0, 2.0, 3.0, 2.0, 3.0, 2.0): [(9527, 11252), (20157, 22000), (31017, 33270), (7566, 8825), (11304, 11956), (35408, 35884)]}
(0.8, 4): {(3.0, 2.0, 3.0, 2.0, 3.0): [(20160, 21484), (11367, 11819), (10236, 11186), (7802, 8771), (6985, 7734), (34897, 35356), (35620, 35885), (9246, 10223), (1648, 2344), (31017, 33262)], (3.0, 4.0, 2.0): [(12275, 18971), (8830, 8979), (24323, 25934), (33271, 34003), (25935, 27383), (28146, 30179), (5340, 5631), (34092, 34896), (24084, 24190), (9030, 9218), (23591, 24083), (22602, 23590), (30295, 31016), (11259, 11356), (4003, 5339), (5687, 6444), (0, 1409), (27469, 28053), (2476, 4002)]}
(0.9, 2): {(3.0, 2.0, 3.0, 2.0, 3.0): [(35620, 35885), (20160, 21484), (9503, 10769), (10805, 11280), (7802, 8771), (1648, 2344), (11367, 11819), (32746, 33262), (6985, 7734), (34897, 35356)], (2.0, 1.0, 3.0, 4.0, 2.0, 4.0): [(2345, 4073), (8875, 9245), (5591, 6984)], (3.0, 4.0, 2.0): [(12275, 18971), (31017, 32584), (28146, 30210), (26397, 27383), (27482, 28062), (22602, 23590), (33271, 34003), (24323, 25970), (24069, 24190), (4074, 5339), (398, 1411), (11981, 12107)], (3.0, 4.0, 2.0, 4.0): [(23591, 24068), (34093, 34867), (9246, 9502), (21901, 22601)]}
(0.9, 3): {(3.0, 2.0, 3.0, 2.0, 3.0): [(20159, 21484), (9503, 10769), (34897, 35356), (7802, 8771), (1648, 2344), (35620, 35895), (11367, 11819), (32746, 33262), (6985, 7734), (10805, 11280)], (3.0, 4.0, 2.0): [(12275, 18971), (9024, 9218), (28146, 30177), (27482, 28062), (11981, 12107), (33271, 34003), (24323, 25970), (4074, 5339), (8830, 8979), (22602, 23590), (5340, 5631), (24069, 24190), (398, 1411), (5683, 6444), (9246, 9420), (31017, 32584), (2473, 4002), (26397, 27383)], (3.0, 4.0, 2.0, 4.0): [(21901, 22601), (23591, 24068), (34093, 34867)]}
(0.9, 4): {(3.0, 2.0, 3.0, 2.0, 3.0): [(20160, 21484), (9503, 10769), (7802, 8771), (32746, 33262), (1648, 2344), (35620, 35885), (6985, 7734), (34897, 35356), (10805, 11280), (11367, 11819)], (3.0, 4.0, 2.0, 1.0): [(8830, 9029), (11981, 12184), (27482, 28128), (5340, 5686)], (3.0, 4.0, 2.0, 4.0, 3.0, 4.0): [(23591, 24177), (28147, 31016), (12275, 18971), (2473, 5339), (9030, 9378), (24323, 27280), (21901, 23523)]}
(0.99, 2): {(3.0, 2.0, 3.0, 2.0, 3.0): [(20914, 21853), (1649, 2344), (32746, 33262), (35620, 35885), (11367, 11819), (34897, 35356)], (3.0, 4.0, 2.0, 1.0): [(8830, 9029), (11981, 12184), (11259, 11366)], (3.0, 4.0, 2.0, 4.0, 3.0, 4.0, 3.0, 4.0): [(2473, 5590), (28147, 32584)], (3.0, 2.0, 3.0, 2.0, 3.0, 2.0, 3.0, 2.0, 3.0): [(7126, 8771), (9503, 11186)], (3.0, 4.0, 2.0): [(5687, 6444), (27482, 28062), (24323, 25971), (22602, 23590), (398, 1410), (24084, 24190), (26397, 27383)]}
(0.99, 3): {(3.0, 2.0, 3.0, 2.0, 3.0): [(9503, 10769), (34897, 35356), (20914, 21853), (7802, 8771), (1649, 2344), (32746, 33262), (6985, 7734), (35620, 35885), (11367, 11819)], (3.0, 4.0, 2.0, 1.0): [(5340, 5686), (8830, 9029), (11981, 12184), (11259, 11366)], (3.0, 4.0, 2.0): [(5687, 6444), (27482, 28062), (22602, 23590), (10920, 11258), (398, 1410), (24084, 24190)], (3.0, 4.0, 2.0, 4.0, 3.0, 4.0): [(28147, 31016), (24323, 27280), (2473, 5339)]}
(0.99, 4): {(3.0, 2.0, 3.0, 2.0, 3.0): [(9503, 10769), (20914, 21853), (7802, 8771), (1649, 2344), (32746, 33262), (35620, 35885), (6985, 7734), (34897, 35356), (11367, 11819)], (3.0, 4.0, 2.0): [(5340, 5631), (5687, 6444), (27482, 28062), (22602, 23590), (24323, 25970), (25971, 27383), (10920, 11258), (11981, 12107), (11259, 11356), (28147, 30210), (398, 1411), (2473, 4002), (24084, 24190), (8830, 8979)]}